2.1394636924698748e-11  4.536693360000001   
4.570672433912939e-11   9.073386720000002   
6.807384476040551e-11   13.610080080000005  
8.946848168510455e-11   18.146773440000004  
1.0891815161664907e-10  22.683466800000005  
1.3323023903107969e-10  27.22016016000001   
1.5267990896262392e-10  31.756853520000007  
1.7504702938390033e-10  36.29354688000001   
1.9644166630859934e-10  40.830240240000016  
2.1589133624014386e-10  45.36693360000001   
2.3825845666142e-10     49.90362696000001   
2.5965309358611885e-10  54.44032032000002   
2.82020214007395e-10    58.97701368000001   
3.014698839389395e-10   63.513707040000014  