17.1526586620926    0.0061380 7.22110871623985E-05
11.2485939257593    0.0056749 5.64039991624096E-05
6.93962526023595    0.0050682 4.48210622653578E-05
4.77326968973747    0.0048440 4.09742237823758E-05
3.19488817891374    0.0046289 3.5569796334422E-05
8.80281690140845    0.0052463 5.31634799420722E-05
5.81057524694945    0.0048821 3.84682853141312E-05
3.78787878787879    0.0046072 3.14524495727506E-05
2.710027100271      0.0045800 2.58379813111632E-05
1.86567164179104    0.0045013 2.63047503895239E-05
5.76036866359447    0.0048046 4.60037610525079E-05
3.96825396825397    0.0046661 3.5469180509597E-05
2.68096514745308    0.0045633 2.56316823099285E-05
1.90114068441065    0.0044960 2.50506836314621E-05
1.31752305665349    0.0044479 2.3516711859723E-05
4.46428571428571    0.0047756 4.58362081263734E-05
3.03030303030303    0.0045697 3.16565688325462E-05
2.04081632653061    0.0044547 2.73856524539674E-05
1.45137880986938    0.0044014 2.50208476639501E-05
1.01214574898785    0.0043811 2.58127690499608E-05





















